# zone viewfactors and MRT sensor definition of manager_a
# defined in ../zones/manager_a.vwf
*VIEWFACTORS
*GEOM  ../zones/manager_a.geo
   1  13   1   # numb mrt sensors, numb zone surfs, zone index
# Zone viewfactors follow
 0.00,0.017409,0.023989,0.1115,0.2258,0.2258,0.041376,0.015198,0.091115,0.097479,0.008394,0.008710,0.1333
 0.2669,0.00,0.00,0.082868,0.2416,0.2416,0.032150,0.010387,0.068118,0.00,0.00,0.007217,0.049302
 0.1375,0.00,0.00,0.2434,0.2219,0.2349,0.034510,0.011006,0.069619,0.00,0.00,0.007028,0.040202
 0.2485,0.011296,0.095649,0.00,0.2223,0.2223,0.015106,0.004411,0.032939,0.064004,0.083587,0.00,0.00
 0.2259,0.014267,0.038735,0.098308,0.00,0.2543,0.022189,0.017945,0.1075,0.075916,0.018717,0.008544,0.1178
 0.2259,0.014267,0.040543,0.098308,0.2543,0.00,0.072140,0.010889,0.064612,0.075913,0.016910,0.008544,0.1178
 0.2074,0.010069,0.029144,0.033844,0.1158,0.3604,0.00,0.00,0.00,0.055920,0.014071,0.004276,0.1691
 0.2427,0.010243,0.028572,0.030240,0.2540,0.1539,0.00,0.00,0.00,0.054731,0.014422,0.002290,0.2090
 0.2263,0.011765,0.030643,0.037094,0.2681,0.1630,0.00,0.00,0.00,0.058614,0.015162,0.004034,0.1853
 0.2883,0.00,0.00,0.085682,0.2238,0.2238,0.032854,0.012452,0.069204,0.00,0.00,0.006072,0.058018
 0.1018,0.00,0.00,0.3830,0.2114,0.1785,0.030440,0.011830,0.065146,0.00,0.00,0.003968,0.013955
 0.2841,0.012992,0.031377,0.00,0.2528,0.2528,0.027163,0.010295,0.058068,0.065251,0.005282,0.00,0.00
 0.2538,0.005744,0.013191,0.00,0.2268,0.2268,0.064946,0.027881,0.1399,0.037403,0.003650,0.00,0.00
 sum over row   1 is :   1.0000936985
 sum over row   2 is :   1.0000779629
 sum over row   3 is :   1.0000993013
 sum over row   4 is :   1.0000884533
 sum over row   5 is :   1.0000888109
 sum over row   6 is :   1.0000953674
 sum over row   7 is :   1.0001561642
 sum over row   8 is :   1.0000770092
 sum over row   9 is :   1.0000827312
 sum over row  10 is :   1.0001313686
 sum over row  11 is :   1.0000735521
 sum over row  12 is :   1.0001424551
 sum over row  13 is :   1.0000839233
*MRT_SENSOR
# OK, Xorig, Yorig, Zorig,   DX,    DY,    DZ, rotation,  name
   1   1.500   2.250   1.500   0.200   0.200   0.200  180.0  sen_01   # sensor  1
*MRTVIEW
 0.14467,0.0508335,0.0954875,0.16216,0.17064,0.14842,0.00,0.00,0.00,0.17965,0.0416502,0.0065867,0.00
 0.00,0.00,0.0169430,0.23201,0.12505,0.0968245,0.0106776,0.0011528,0.0278280,0.00,0.0207877,0.0613971,0.40743
 0.14091,0.00,0.00,0.00,0.16124,0.13716,0.0903959,0.0246006,0.27891,0.00,0.00,0.00,0.16688
 0.62748,0.0122108,0.00,0.00,0.14303,0.11934,0.0151477,0.0063133,0.0407292,0.0358409,0.00,0.00,0.00
 0.0942443,0.0022772,0.0102902,0.0420465,0.70599,0.00,0.00,0.0003875,0.0392710,0.0205804,0.0045829,0.0092175,0.0712012
 0.11865,0.0100180,0.0154507,0.0510411,0.00,0.62748,0.0451627,0.0130684,0.0046494,0.0205804,0.0045829,0.0092175,0.0801958
